-7.88807e-09 1.82535e-10 -7.88807e-09 1.82535e-10 0 0 0 0
-7.88807e-09 1.82535e-10 1 1.04021e-08 0 0 1 0
1 1.04021e-08 4.00001 -2.60135e-05 1 0 4 0
1 1.04021e-08 2.49999 2.59803 1 0 2.5 2.598
4.00001 -2.60135e-05 2.49999 2.59803 4 0 2.5 2.598
4.00001 -2.60135e-05 5.49993 2.59801 4 0 5.49992 2.59805
2.49999 2.59803 5.49993 2.59801 2.5 2.598 5.49992 2.59805
2.49999 2.59803 3.9999 5.19607 2.5 2.598 3.99992 5.19605
2.49999 2.59803 0.999981 5.19609 2.5 2.598 0.999987 5.19607
5.49993 2.59801 3.9999 5.19607 5.49992 2.59805 3.99992 5.19605
5.49993 2.59801 6.99988 5.19606 5.49992 2.59805 6.99984 5.19609
3.9999 5.19607 6.99988 5.19606 3.99992 5.19605 6.99984 5.19609
6.99988 5.19606 7.99988 5.19606 6.99984 5.19609 7.99984 5.19609
5.49993 2.59801 6.99994 -5.85264e-05 5.49992 2.59805 6.99993 -2.34132e-05
