1.9725e-11 -6.83024e-13 1.9725e-11 -6.83024e-13 -0.0914743 0.171072 -0.0914743 0.171072
1.9725e-11 -6.83024e-13 1 -5.20249e-12 -0.0914743 0.171072 0.93519 0.405755
1 -5.20249e-12 4.00001 -2.60544e-05 0.93519 0.405755 4.75281 0.761392
1 -5.20249e-12 2.49999 2.59803 0.93519 0.405755 1.42484 2.68459
4.00001 -2.60544e-05 2.49999 2.59803 4.75281 0.761392 1.42484 2.68459
4.00001 -2.60544e-05 5.49993 2.59801 4.75281 0.761392 6.5413 2.91347
2.49999 2.59803 5.49993 2.59801 1.42484 2.68459 6.5413 2.91347
2.49999 2.59803 3.9999 5.19607 1.42484 2.68459 2.14153 5.20497
2.49999 2.59803 0.999981 5.19609 1.42484 2.68459 -0.477267 6.19402
5.49993 2.59801 3.9999 5.19607 6.5413 2.91347 2.14153 5.20497
5.49993 2.59801 6.99988 5.19606 6.5413 2.91347 7.37452 4.8246
3.9999 5.19607 6.99988 5.19606 2.14153 5.20497 7.37452 4.8246
6.99988 5.19606 7.99988 5.19606 7.37452 4.8246 7.90357 4.35702
5.49993 2.59801 6.99994 -5.8598e-05 6.5413 2.91347 8.6022 -0.272299
