3.90794e-21 7.33155e-21 3.90794e-21 7.33155e-21 0 0 0 0
3.90794e-21 7.33155e-21 1 2.02038e-20 0 0 1 0
1 2.02038e-20 4.00001 -2.25866e-05 1 0 4 0
1 2.02038e-20 2.49999 2.59802 1 0 2.5 2.598
4.00001 -2.25866e-05 2.49999 2.59802 4 0 2.5 2.598
4.00001 -2.25866e-05 5.49993 2.59802 4 0 5.49992 2.59805
2.49999 2.59802 5.49993 2.59802 2.5 2.598 5.49992 2.59805
2.49999 2.59802 3.99989 5.19608 2.5 2.598 3.99992 5.19605
2.49999 2.59802 0.999959 5.19608 2.5 2.598 0.999987 5.19607
5.49993 2.59802 3.99989 5.19608 5.49992 2.59805 3.99992 5.19605
5.49993 2.59802 6.99986 5.19608 5.49992 2.59805 6.99984 5.19609
3.99989 5.19608 6.99986 5.19608 3.99992 5.19605 6.99984 5.19609
6.99986 5.19608 7.99986 5.19608 6.99984 5.19609 7.99984 5.19609
5.49993 2.59802 6.99995 -3.99438e-05 5.49992 2.59805 6.99993 -2.34132e-05
