     3.27777  1.04867e-12  5.14712e-12     -1.49999 -1.67787e-12            0            0            0            0            0            0            0            0            0            0            0            0            0            0            0            0            0            0            0            0            0            0            0            0            0
 1.04867e-12           20            4  6.29194e-13           -4            0            0            0            0            0            0            0            0            0            0            0            0            0            0            0            0            0            0            0            0            0            0            0            0            0
 5.14712e-12            4          504 -3.46926e-12           -4         -400            0            0            0            0            0            0            0            0            0            0            0            0            0            0            0            0            0            0            0            0            0            0            0            0
    -1.49999  6.29194e-13 -3.46926e-12      8.24996      2.16509     -3.89677         0.75      3.46409            0         0.75      3.46409            0            0            0            0            0            0            0            0            0            0            0            0            0            0            0            0            0            0            0
-1.67787e-12           -4           -4      2.16509         8.25      6.75006     -1.29902      2.00002  4.44089e-16     -1.29902      2.00002 -2.22045e-16            0            0            0            0            0            0            0            0            0            0            0            0            0            0            0            0            0            0
           0            0         -400     -3.89677      6.75006      1238.25     -3.89706      6.00015         -400     -3.89705     -5.99979         -400            0            0            0            0            0            0            0            0            0            0            0            0            0            0            0            0            0            0
           0            0            0         0.75     -1.29902     -3.89706      4.49996  1.12947e-08      3.89696     -1.49999   1.4805e-08  4.44089e-16     -1.49999 -3.28765e-08            0            0            0            0            0            0            0            0            0            0            0            0            0            0            0            0
           0            0            0      3.46409      2.00002      6.00015  1.12947e-08           12      17.9999 -5.55184e-09           -4            0  1.23286e-08           -4            0            0            0            0            0            0            0            0            0            0            0            0            0            0            0            0
           0            0            0            0  4.44089e-16         -400      3.89696      17.9999      1255.12  1.01468e-05     -11.9999         -400     -3.89697     -5.99996         -400            0            0            0            0            0            0            0            0            0            0            0            0            0            0            0
           0            0            0         0.75     -1.29902     -3.89705     -1.49999 -5.55184e-09  1.01468e-05      9.37494     -1.08254      11.0413     -1.49999 -4.76816e-08            0         0.75     -3.46409  4.44089e-16     -1.49999            0            0            0            0            0            0            0            0            0            0            0
           0            0            0      3.46409      2.00002     -5.99979   1.4805e-08           -4     -11.9999     -1.08254       18.125       6.3751  1.78804e-08           -4            0      1.29902      2.00002            0            0           -4            0            0            0            0            0            0            0            0            0            0
           0            0            0            0 -2.22045e-16         -400  4.44089e-16            0         -400      11.0413       6.3751      2074.25     -3.89698      5.99998         -400      3.89704     -5.99964         -400  3.35729e-13          -12         -400            0            0            0            0            0            0            0            0            0
           0            0            0            0            0            0     -1.49999  1.23286e-08     -3.89697     -1.49999  1.78804e-08     -3.89698      11.2499     -2.16509      3.89681         0.75     -3.46409            0            0            0            0         0.75     -3.46409            0            0            0            0     -1.49999  4.44089e-16            0
           0            0            0            0            0            0 -3.28765e-08           -4     -5.99996 -4.76816e-08           -4      5.99998     -2.16509        16.25     -5.24996      1.29902      2.00002  4.44089e-16            0            0            0      1.29902      2.00002            0            0            0            0 -1.66532e-16           -4            0
           0            0            0            0            0            0            0            0         -400            0            0         -400      3.89681     -5.24996      2074.25      3.89706      6.00011         -400            0            0            0      3.89705     -5.99979         -400            0            0            0  2.79059e-11           12         -400
           0            0            0            0            0            0            0            0            0         0.75      1.29902      3.89704         0.75      1.29902      3.89706      4.49996 -1.11601e-07  1.14211e-05            0            0            0     -1.49999  1.78561e-07            0            0            0            0            0            0            0
           0            0            0            0            0            0            0            0            0     -3.46409      2.00002     -5.99964     -3.46409      2.00002      6.00011 -1.11601e-07           12      11.9999            0            0            0   -6.696e-08           -4            0            0            0            0            0            0            0
           0            0            0            0            0            0            0            0            0  4.44089e-16            0         -400            0  4.44089e-16         -400  1.14211e-05      11.9999         1236            0            0            0 -1.19568e-05     -11.9999         -400            0            0            0            0            0            0
           0            0            0            0            0            0            0            0            0     -1.49999            0  3.35729e-13            0            0            0            0            0            0      1.49999            0            0            0            0            0            0            0            0            0            0            0
           0            0            0            0            0            0            0            0            0            0           -4          -12            0            0            0            0            0            0            0            4            0            0            0            0            0            0            0            0            0            0
           0            0            0            0            0            0            0            0            0            0            0         -400            0            0            0            0            0            0            0            0          400            0            0            0            0            0            0            0            0            0
           0            0            0            0            0            0            0            0            0            0            0            0         0.75      1.29902      3.89705     -1.49999   -6.696e-08 -1.19568e-05            0            0            0      4.49996 -7.16074e-17 -1.61743e-12     -1.49999  1.14571e-16            0            0            0            0
           0            0            0            0            0            0            0            0            0            0            0            0     -3.46409      2.00002     -5.99979  1.78561e-07           -4     -11.9999            0            0            0 -7.16074e-17           12            4 -4.29639e-17           -4            0            0            0            0
           0            0            0            0            0            0            0            0            0            0            0            0            0            0         -400            0            0         -400            0            0            0 -1.61743e-12            4         1204  1.61732e-12           -4         -400            0            0            0
           0            0            0            0            0            0            0            0            0            0            0            0            0            0            0            0            0            0            0            0            0     -1.49999 -4.29639e-17  1.61732e-12      1.49999            0            0            0            0            0
           0            0            0            0            0            0            0            0            0            0            0            0            0            0            0            0            0            0            0            0            0  1.14571e-16           -4           -4            0            4            0            0            0            0
           0            0            0            0            0            0            0            0            0            0            0            0            0            0            0            0            0            0            0            0            0            0            0         -400            0            0          400            0            0            0
           0            0            0            0            0            0            0            0            0            0            0            0     -1.49999 -1.66532e-16  2.79059e-11            0            0            0            0            0            0            0            0            0            0            0            0      1.49999            0            0
           0            0            0            0            0            0            0            0            0            0            0            0  4.44089e-16           -4           12            0            0            0            0            0            0            0            0            0            0            0            0            0            4            0
           0            0            0            0            0            0            0            0            0            0            0            0            0            0         -400            0            0            0            0            0            0            0            0            0            0            0            0            0            0          400
