   5.98678    1.90494   -2.76918   0.906306    4.25511    1.90806   0.151776   0.797995  -0.464991  -0.330512 -0.0415126  -0.464991   0.156306    0.77707  -0.464991
   1.90494    3.87959    7.01486   -1.48973    2.41052    1.37604  -0.189298   0.408332   0.144541 -0.0393666  -0.643504   0.144541  -0.190706   0.414837   0.144541
  -2.76918    7.01486    759.396   -4.23153    4.89123   -479.648   -1.07802  0.0358882   -76.3208    1.27093   -1.36271   -76.3208  -0.334472   -3.39854   -76.3208
  0.906306   -1.48973   -4.23153    4.25665 -0.0400105     4.1346   -1.73981 -0.0453756   0.357674   0.131165  -0.536533   0.357674   -0.24331 -0.0292803   0.357674
   4.25511    2.41052    4.89123 -0.0400105    11.1097    15.6595 -0.0367914   -4.89525   0.330422   0.305914   0.357706   0.330422 -0.0400105  -0.880381   0.330422
   1.90806    1.37604   -479.648     4.1346    15.6595    1171.35    -4.4071   -7.18909   -476.754    1.38904   0.567805   -76.7544   0.237644   -4.64308   -76.7544
  0.151776  -0.189298   -1.07802   -1.73981 -0.0367914    -4.4071    6.13124   -1.11334   -3.64744   0.885757   -4.00555  -0.399759  -0.239825 -0.0487841  -0.399759
  0.797995   0.408332  0.0358882 -0.0453756   -4.89525   -7.18909   -1.11334     9.2073    7.87163    1.59787     2.3653     1.4966 -0.0453756  -0.850352     1.4966
 -0.464991   0.144541   -76.3208   0.357674   0.330422   -476.754   -3.64744    7.87163    1141.38    4.36836     5.4948   -477.746   0.357674   -2.00195   -77.7457
 -0.330512 -0.0393666    1.27093   0.131165   0.305914    1.38904   0.885757    1.59787    4.36836    2.83045   0.157025   0.471299   0.131165   0.320053   0.471299
-0.0415126  -0.643504   -1.36271  -0.536533   0.357706   0.567805   -4.00555     2.3653     5.4948   0.157025    6.57449   -0.50531  -0.536533   0.342546   -0.50531
 -0.464991   0.144541   -76.3208   0.357674   0.330422   -76.7544  -0.399759     1.4966   -477.746   0.471299   -0.50531    722.254   0.357674   -2.00195   -77.7457
  0.156306  -0.190706  -0.334472   -0.24331 -0.0400105   0.237644  -0.239825 -0.0453756   0.357674   0.131165  -0.536533   0.357674    1.25668 -0.0292803   0.357674
   0.77707   0.414837   -3.39854 -0.0292803  -0.880381   -4.64308 -0.0487841  -0.850352   -2.00195   0.320053   0.342546   -2.00195 -0.0292803    3.05956   -2.00195
 -0.464991   0.144541   -76.3208   0.357674   0.330422   -76.7544  -0.399759     1.4966   -77.7457   0.471299   -0.50531   -77.7457   0.357674   -2.00195    322.254
