1.74086e-12 1.17762e-13 1 7.93801e-13 -0.0914743 0.171072 0.93519 0.405755
2.49999 2.59803 3.99991 5.19607 2.73672 2.67948 2.14153 5.20497
2.49999 2.59803 0.999981 5.19609 2.73672 2.67948 -0.477267 6.19402
5.49993 2.59801 3.99991 5.19607 5.67227 2.00479 2.14153 5.20497
5.49993 2.59801 6.99988 5.19606 5.67227 2.00479 7.37452 4.8246
3.99991 5.19607 6.99988 5.19606 2.14153 5.20497 7.37452 4.8246
6.99988 5.19606 7.99988 5.19606 7.37452 4.8246 7.90357 4.35702
5.49993 2.59801 6.99995 -5.92347e-05 5.67227 2.00479 8.6022 -0.272299
1 7.93801e-13 2.49999 2.59803 0.93519 0.405755 2.73672 2.67948
2.49999 2.59803 5.49993 2.59801 2.73672 2.67948 5.67227 2.00479
