     5.43014       1.7356    -0.917115      1.21202      5.57043      6.12406 -1.27765e-13  2.35351e-13 -7.08584e-14  4.38353e-14  3.28636e-14  3.72281e-14  5.72895e-14  1.70933e-13  1.10685e-13 -4.55552e-14  2.95939e-14 -9.16257e-15
      1.7356      3.45146      7.22185     -2.12123      3.22881      3.13259 -3.33516e-13 -2.50479e-13 -3.47217e-13  -4.8542e-14 -7.54165e-15 -2.97755e-14  2.17212e-13 -1.43165e-13  9.33371e-14 -8.46297e-15  1.55678e-14 -1.41842e-14
   -0.917115      7.22185       679.95     -6.71285      2.81671     -658.285 -8.72397e-14 -1.41698e-13  1.44568e-12 -2.24078e-14   3.8522e-14  5.31335e-14  1.01434e-13 -1.73088e-13  1.35729e-13  -2.6382e-14  8.30041e-14 -4.68375e-13
     1.21202     -2.12123     -6.71285      5.95683    -0.570537      4.17354     0.758713     -2.42954     0.376068     -1.03038   0.00183274    -0.269343 -1.85308e-13  5.25427e-13 -2.09211e-13 -3.93945e-14  -7.3188e-14 -3.46042e-14
     5.57043      3.22881      2.81671    -0.570537      12.1781      27.9357      2.42949      2.04668      4.13376   0.00183273     -2.61218       3.0975 -2.92813e-13 -9.72759e-14  1.51192e-13  2.77307e-14 -1.96237e-15 -1.04554e-14
     6.12406      3.13259     -658.285      4.17354      27.9357      1529.26      9.13581      1.15691     -480.883     -0.25834     -12.5755     -257.774 -5.54335e-13 -1.96427e-13   7.3054e-13  3.67835e-14 -3.63467e-14  5.49344e-14
-1.27629e-13 -3.33447e-13 -8.82518e-14     0.758713      2.42949      9.13581      6.54818      1.00754      10.8368  4.22726e-15  1.50726e-13  2.41496e-14     -2.45618   -0.0333826    -0.132963     0.443659      1.60136      2.77251
 2.35883e-13 -2.50539e-13 -1.41129e-13     -2.42954      2.04668      1.15691      1.00754      10.9773      23.2669  6.32048e-17  6.93563e-14 -1.84109e-13    -0.033383     -6.30579      2.50828     -1.12903      1.13276      1.67979
-7.21851e-14 -3.44985e-13   1.9153e-12     0.376068      4.13376     -480.883      10.8368      23.2669      1501.96  1.46487e-13  3.24807e-13  -4.2698e-13     -0.23313     -16.4089      -642.46     -1.01336      8.47825     -258.938
  4.3903e-14 -4.86245e-14 -2.24853e-14     -1.03038   0.00183273     -0.25834  4.40259e-15 -2.59796e-16  1.46829e-13      1.03038  -0.00183273     0.269343  8.82613e-15 -4.82607e-14 -7.92524e-14 -3.44875e-15  2.40556e-14 -7.11035e-16
 3.25201e-14 -7.86625e-15  3.73778e-14   0.00183274     -2.61218     -12.5755  1.50795e-13  7.00761e-14  3.24843e-13  -0.00183273      2.61218      -3.0975 -3.64148e-14  6.39637e-14 -5.20485e-14 -8.98134e-16  5.94148e-14  4.96206e-14
 3.76595e-14 -2.97772e-14  4.23433e-14    -0.269343       3.0975     -257.774  2.28688e-14  -1.8462e-13 -3.97579e-13     0.269343      -3.0975      276.359 -2.64815e-14 -4.17879e-14  7.60975e-14  7.38951e-15 -3.99995e-14  3.08172e-13
  5.7397e-14  2.17357e-13  1.03152e-13 -1.85102e-13 -2.92226e-13 -5.53958e-13     -2.45618    -0.033383     -0.23313  8.78917e-15 -3.63954e-14 -2.63041e-14      2.45618    0.0333829     0.132963 -1.14491e-14 -4.91436e-14 -1.58896e-13
 1.70562e-13 -1.43059e-13  -1.7616e-13  5.25272e-13 -9.67997e-14 -1.89458e-13   -0.0333826     -6.30579     -16.4089  -4.8247e-14  6.41686e-14 -4.23695e-14    0.0333829      6.30579     -2.50828  3.33295e-14  2.33456e-14 -5.66134e-16
 1.10378e-13  9.25195e-14  4.55941e-14 -2.09119e-13  1.50838e-13  6.11129e-13    -0.132963      2.50828      -642.46 -7.93868e-14 -5.22728e-14  1.08216e-13     0.132963     -2.50828      649.985 -3.58375e-14 -3.29556e-14  3.25221e-13
-4.55112e-14 -8.41374e-15 -2.67428e-14 -3.95285e-14   2.7684e-14   3.6245e-14     0.443659     -1.12903     -1.01336 -3.64748e-15 -8.85201e-16  7.25779e-15 -1.14415e-14  3.36446e-14 -3.58501e-14       1.1996    -0.180303   -0.0684743
 2.99003e-14  1.51277e-14  8.23067e-14 -7.26296e-14 -1.65684e-15 -3.87726e-14      1.60136      1.13276      8.47825  2.40188e-14  5.93913e-14 -4.00077e-14  -4.8819e-14  2.34304e-14    -3.33e-14    -0.180303       1.9532      3.24096
-7.64353e-15 -1.31304e-14 -4.97829e-13 -3.48624e-14 -7.85702e-15  8.86045e-14      2.77251      1.67979     -258.938 -6.45591e-16  4.97243e-14  3.72764e-13 -1.59054e-13 -6.87028e-17  2.76181e-13   -0.0684743      3.24096      278.383
